121
122
183
184
185
35
151
162
152
163
216
225
218
227
121
122
219
228
220
229
183
184
185
32
33
34
35
36
37
38
39
40
41
141
146
143
148
34
94
36
96
38
98
40
100
144
149
145
150
101
121
122
107
108
109
111
112
113
114
115
116
117
118
119
120
101
102
103
104
105
93
106
107
108
109
94
111
112
113
114
115
116
117
118
119
120
101
102
103
104
95
96
105
106
107
108
109
111
112
113
114
115
97
98
116
117
118
119
120
101
102
103
104
105
106
107
108
109
111
112
113
114
115
116
117
118
119
120
101
102
103
104
105
106
107
108
109
111
112
113
114
115
116
117
118
119
120
101
102
103
104
105
106
107
108
109
111
112
113
114
115
116
117
118
119
120
101
102
103
104
105
106
107
108
109
111
112
113
114
115
116
117
118
119
120
101
102
103
104
105
106
107
108
109
111
112
113
114
115
116
117
118
119
120
101
102
103
104
105
106
107
108
109
111
112
113
114
115
116
117
118
119
120
101
102
103
104
105
106
107
108
109
111
112
113
114
115
116
117
118
119
120
101
102
103
104
105
106
107
108
109
111
112
113
114
115
116
117
118
119
120
101
102
103
104
105
106
107
108
109
111
112
113
114
115
116
117
118
119
120
101
102
103
104
105
106
107
108
109
111
112
113
114
115
116
117
118
119
120
101
102
103
104
105
106
107
108
109
111
112
113
114
115
116
117
118
119
120
101
102
103
104
105
106
107
108
109
111
112
113
114
115
116
117
118
119
120
101
102
103
104
105
106
107
108
109
111
112
113
114
115
116
117
118
119
120
101
102
103
104
105
106
107
108
109
111
112
113
114
115
116
117
118
119
120
101
102
103
104
105
106
107
108
109
111
112
113
114
115
116
117
118
119
120
101
102
103
104
105
106
107
108
109
111
112
113
114
115
116
117
118
119
120
101
102
103
104
105
106
107
108
109
111
112
113
114
115
116
117
118
119
120
101
102
103
104
105
106
107
108
109
111
112
113
114
115
116
117
118
119
120
101
102
103
104
105
106
107
108
109
111
112
113
114
115
116
117
118
119
120
101
102
103
104
105
106
107
108
109
111
112
113
114
115
116
117
118
119
120
101
102
103
104
105
106
107
108
109
111
112
113
114
115
116
117
118
119
120
101
102
103
104
105
106
107
108
109
111
112
113
114
115
116
117
118
119
120
101
102
103
104
105
106
107
108
109
111
112
113
114
115
116
117
118
119
120
101
102
103
104
105
106
107
108
109
111
112
113
114
115
116
117
118
119
120
101
102
103
104
105
106
107
108
109
111
112
113
114
115
116
117
118
119
120
101
102
103
104
105
106
107
108
109
111
112
113
114
115
116
117
118
119
120
101
102
103
104
105
106
107
108
109
111
112
113
114
115
116
117
118
119
120
101
102
103
104
105
106
99
100
101
102
103
104
105
106
93
94
95
96
97
98
99
100
101
102
103
104
105
106
93
94
95
96
97
98
99
100
101
102
103
104
105
106
125
128
93
93
93
108
108
108
108
108
108
108
108
108
108
126
129
31
127
130
30
93
94
95
96
97
98
99
100
101
102
103
104
105
106
123
124
101
33
93
35
95
37
97
39
99
41
123
124
101
33
93
35
95
37
97
39
99
41
123
124
101
33
93
35
95
37
97
39
99
41
188
194
189
195
191
197
121
122
35
141
146
142
147
121
122
93
94
95
96
97
98
99
100
101
102
103
104
105
106
93
94
95
96
97
98
99
100
101
102
103
104
105
106
93
94
95
96
97
98
99
100
101
102
103
104
105
106
107
107
107
107
107
107
107
107
107
107
107
107
107
107
107
107
107
107
107
107
107
107
107
107
107
107
107
107
107
107
192
198
125
128
43
193
199
42
186
187
101
45
111
47
113
93
95
93
95
93
95
126
129
31
127
130
30
49
115
51
117
53
119
55
186
187
101
45
111
47
113
121
122
49
115
51
117
53
119
55
186
187
101
45
111
47
113
49
115
51
117
53
119
55
186
187
101
45
111
47
113
49
115
51
117
53
119
55
186
187
101
45
111
47
113
49
115
51
117
53
119
55
186
187
101
45
111
47
113
49
115
51
117
53
119
55
186
187
101
45
111
47
113
49
115
51
117
53
119
55
186
187
101
45
111
47
113
49
115
51
117
53
119
55
186
187
101
45
111
47
113
49
115
51
117
53
119
55
186
187
101
45
111
47
113
49
115
51
117
53
119
55
183
184
185
93
94
95
96
97
98
99
100
101
102
103
104
105
106
49
216
225
217
226
183
184
185
131
136
132
137
134
139
101
33
93
35
95
37
97
39
99
41
135
140
34
93
94
95
96
97
98
99
100
101
102
103
104
105
106
121
122
44
45
46
47
48
49
50
51
52
53
54
55
216
225
218
227
219
228
221
230
108
46
112
48
114
50
116
118
54
120
222
231
131
136
132
137
133
138
223
232
101
45
111
47
113
49
115
51
117
53
119
55
224
233
101
183
184
185
188
194
189
195
190
196
183
184
185
93
94
95
96
97
98
99
100
101
102
103
104
105
106
107
108
109
111
112
113
114
115
116
117
118
119
120
101
102
103
104
105
106
107
108
109
111
112
113
114
115
116
117
118
119
120
101
102
103
104
105
106
107
108
109
111
112
113
114
115
116
117
118
119
120
101
102
103
104
105
106
107
108
109
111
112
113
114
115
116
117
118
119
120
101
102
103
104
105
106
107
108
109
111
112
113
114
115
116
117
118
119
120
101
102
103
104
105
106
107
108
109
111
112
113
114
115
116
117
118
119
120
101
102
103
104
105
106
107
108
109
111
112
113
114
115
116
117
118
119
120
101
102
103
104
105
106
107
108
109
111
112
113
114
115
116
117
118
119
120
101
102
103
104
105
106
107
108
109
111
112
113
114
115
116
117
118
119
120
101
102
103
104
105
106
107
108
109
111
112
113
114
115
116
117
118
119
120
101
102
103
104
105
106
108
108
108
108
108
108
108
108
108
108
102
200
208
201
209
202
210
200
208
201
209
203
211
107
101
107
101
107
101
107
101
107
101
107
101
107
101
107
101
107
101
107
101
204
212
205
213
200
208
201
209
203
211
107
101
204
212
206
214
101
45
111
47
113
49
115
51
117
53
119
55
207
215
44
